2015-09-15 08:20:33 下发: 68 1C 00 1C 00 68 4B 00 31 07 01 00 00 00 0E 6D 01 01 01 00 01 E2 20 15 09 14 17 11 20 15 09 14 17 11 D9 16 
2015-09-15 08:21:04 下发: 68 1C 00 1C 00 68 4B 00 31 07 01 00 00 00 0E 6E 01 01 01 00 01 E2 20 15 09 14 17 11 20 15 09 14 17 11 DA 16 
2015-09-15 08:21:35 下发: 68 1C 00 1C 00 68 4B 00 31 07 01 00 00 00 0E 6F 01 01 01 00 01 E2 20 15 09 14 17 11 20 15 09 14 17 11 DB 16 
2015-09-15 08:22:06 下发: 68 1C 00 1C 00 68 4B 00 31 07 01 00 00 00 0E 60 01 01 01 00 01 E2 20 15 09 14 17 11 20 15 09 14 17 11 CC 16 
2015-09-15 08:29:21 下发: 68 1C 00 1C 00 68 4B 00 31 07 01 00 00 00 0E 61 01 01 01 00 01 E2 20 15 09 14 17 11 20 15 09 14 17 11 CD 16 
2015-09-15 08:29:52 下发: 68 1C 00 1C 00 68 4B 00 31 07 01 00 00 00 0E 62 01 01 01 00 01 E2 20 15 09 14 17 11 20 15 09 14 17 11 CE 16 
2015-09-15 08:30:23 下发: 68 1C 00 1C 00 68 4B 00 31 07 01 00 00 00 0E 63 01 01 01 00 01 E2 20 15 09 14 17 11 20 15 09 14 17 11 CF 16 
2015-09-15 08:30:54 下发: 68 1C 00 1C 00 68 4B 00 31 07 01 00 00 00 0E 64 01 01 01 00 01 E2 20 15 09 14 17 11 20 15 09 14 17 11 D0 16 
2015-09-15 13:11:57 下发: 68 1C 00 1C 00 68 4B 00 31 07 01 00 00 00 0E 65 01 01 01 00 01 E2 20 15 09 14 17 11 20 15 09 14 17 11 D1 16 
2015-09-15 13:12:06 下发: 68 1C 00 1C 00 68 4B 00 31 07 01 00 00 00 0E 66 01 01 01 00 01 E2 20 15 09 14 17 11 20 15 09 14 17 11 D2 16 
2015-09-15 13:12:37 下发: 68 1C 00 1C 00 68 4B 00 31 07 01 00 00 00 0E 67 01 01 01 00 01 E2 20 15 09 14 17 11 20 15 09 14 17 11 D3 16 
2015-09-15 13:13:08 下发: 68 1C 00 1C 00 68 4B 00 31 07 01 00 00 00 0E 68 01 01 01 00 01 E2 20 15 09 14 17 11 20 15 09 14 17 11 D4 16 
2015-09-15 13:13:39 下发: 68 1C 00 1C 00 68 4B 00 31 07 01 00 00 00 0E 69 01 01 01 00 01 E2 20 15 09 14 17 11 20 15 09 14 17 11 D5 16 
2015-09-15 13:16:39 下发: 68 1C 00 1C 00 68 4B 00 31 07 01 00 00 00 0E 6A 01 01 01 00 01 E2 20 15 09 14 17 11 20 15 09 14 17 11 D6 16 
2015-09-15 13:17:10 下发: 68 1C 00 1C 00 68 4B 00 31 07 01 00 00 00 0E 6B 01 01 01 00 01 E2 20 15 09 14 17 11 20 15 09 14 17 11 D7 16 
2015-09-15 13:17:41 下发: 68 1C 00 1C 00 68 4B 00 31 07 01 00 00 00 0E 6C 01 01 01 00 01 E2 20 15 09 14 17 11 20 15 09 14 17 11 D8 16 
2015-09-15 13:18:12 下发: 68 1C 00 1C 00 68 4B 00 31 07 01 00 00 00 0E 6D 01 01 01 00 01 E2 20 15 09 14 17 11 20 15 09 14 17 11 D9 16 
2015-09-15 13:18:14 下发: 68 1C 00 1C 00 68 4B 00 31 07 01 00 00 00 0E 6E 01 01 01 00 01 E2 20 15 09 14 17 11 20 15 09 14 17 11 DA 16 
2015-09-15 13:18:45 下发: 68 1C 00 1C 00 68 4B 00 31 07 01 00 00 00 0E 6F 01 01 01 00 01 E2 20 15 09 14 17 11 20 15 09 14 17 11 DB 16 
2015-09-15 13:19:16 下发: 68 1C 00 1C 00 68 4B 00 31 07 01 00 00 00 0E 60 01 01 01 00 01 E2 20 15 09 14 17 11 20 15 09 14 17 11 CC 16 
2015-09-15 13:19:47 下发: 68 1C 00 1C 00 68 4B 00 31 07 01 00 00 00 0E 61 01 01 01 00 01 E2 20 15 09 14 17 11 20 15 09 14 17 11 CD 16 
2015-09-15 16:28:42 下发: 68 1C 00 1C 00 68 4B 00 31 07 01 00 00 00 0E 62 01 01 01 00 01 E2 20 15 09 14 17 11 20 15 09 14 17 11 CE 16 
2015-09-15 16:29:13 下发: 68 1C 00 1C 00 68 4B 00 31 07 01 00 00 00 0E 63 01 01 01 00 01 E2 20 15 09 14 17 11 20 15 09 14 17 11 CF 16 
2015-09-15 16:29:44 下发: 68 1C 00 1C 00 68 4B 00 31 07 01 00 00 00 0E 64 01 01 01 00 01 E2 20 15 09 14 17 11 20 15 09 14 17 11 D0 16 
2015-09-15 16:30:15 下发: 68 1C 00 1C 00 68 4B 00 31 07 01 00 00 00 0E 65 01 01 01 00 01 E2 20 15 09 14 17 11 20 15 09 14 17 11 D1 16 
2015-09-15 16:31:55 下发: 68 1C 00 1C 00 68 4B 00 31 07 01 00 00 00 0E 66 01 01 01 00 01 E2 20 15 09 14 17 11 20 15 09 14 17 11 D2 16 
2015-09-15 16:32:26 下发: 68 1C 00 1C 00 68 4B 00 31 07 01 00 00 00 0E 67 01 01 01 00 01 E2 20 15 09 14 17 11 20 15 09 14 17 11 D3 16 
2015-09-15 16:32:57 下发: 68 1C 00 1C 00 68 4B 00 31 07 01 00 00 00 0E 68 01 01 01 00 01 E2 20 15 09 14 17 11 20 15 09 14 17 11 D4 16 
2015-09-15 16:33:28 下发: 68 1C 00 1C 00 68 4B 00 31 07 01 00 00 00 0E 69 01 01 01 00 01 E2 20 15 09 14 17 11 20 15 09 14 17 11 D5 16 
