2015-09-14 17:19:31 下发: 68 1C 00 1C 00 68 4B 00 31 07 01 00 00 00 0E 60 01 01 01 00 01 E2 20 15 09 14 17 11 20 15 09 14 17 11 CC 16 
2015-09-14 17:19:40 下发: 68 1C 00 1C 00 68 4B 00 31 07 01 00 00 00 0E 61 01 01 01 00 01 E2 20 15 09 14 17 11 20 15 09 14 17 11 CD 16 
2015-09-14 17:20:11 下发: 68 1C 00 1C 00 68 4B 00 31 07 01 00 00 00 0E 62 01 01 01 00 01 E2 20 15 09 14 17 11 20 15 09 14 17 11 CE 16 
2015-09-14 17:20:42 下发: 68 1C 00 1C 00 68 4B 00 31 07 01 00 00 00 0E 63 01 01 01 00 01 E2 20 15 09 14 17 11 20 15 09 14 17 11 CF 16 
2015-09-14 17:21:13 下发: 68 1C 00 1C 00 68 4B 00 31 07 01 00 00 00 0E 64 01 01 01 00 01 E2 20 15 09 14 17 11 20 15 09 14 17 11 D0 16 
2015-09-14 17:28:44 下发: 68 1C 00 1C 00 68 4B 00 31 07 01 00 00 00 0E 65 01 01 01 00 01 E2 20 15 09 14 17 11 20 15 09 14 17 11 D1 16 
2015-09-14 17:29:15 下发: 68 1C 00 1C 00 68 4B 00 31 07 01 00 00 00 0E 66 01 01 01 00 01 E2 20 15 09 14 17 11 20 15 09 14 17 11 D2 16 
2015-09-14 17:29:46 下发: 68 1C 00 1C 00 68 4B 00 31 07 01 00 00 00 0E 67 01 01 01 00 01 E2 20 15 09 14 17 11 20 15 09 14 17 11 D3 16 
2015-09-14 17:30:17 下发: 68 1C 00 1C 00 68 4B 00 31 07 01 00 00 00 0E 68 01 01 01 00 01 E2 20 15 09 14 17 11 20 15 09 14 17 11 D4 16 
2015-09-14 17:33:27 下发: 68 1C 00 1C 00 68 4B 00 31 07 01 00 00 00 0E 69 01 01 01 00 01 E2 20 15 09 14 17 11 20 15 09 14 17 11 D5 16 
2015-09-14 17:33:58 下发: 68 1C 00 1C 00 68 4B 00 31 07 01 00 00 00 0E 6A 01 01 01 00 01 E2 20 15 09 14 17 11 20 15 09 14 17 11 D6 16 
2015-09-14 17:34:29 下发: 68 1C 00 1C 00 68 4B 00 31 07 01 00 00 00 0E 6B 01 01 01 00 01 E2 20 15 09 14 17 11 20 15 09 14 17 11 D7 16 
2015-09-14 17:35:00 下发: 68 1C 00 1C 00 68 4B 00 31 07 01 00 00 00 0E 6C 01 01 01 00 01 E2 20 15 09 14 17 11 20 15 09 14 17 11 D8 16 
