2014-07-31 15:44:05 下发: 68 10 00 10 00 68 4B 00 31 07 01 00 00 00 0A 60 00 00 02 0B 00 E0 DB 16 
2014-07-31 15:44:06 接收: 68 12 00 12 00 68 C8 00 31 07 01 00 00 00 0A 60 00 00 02 0B 00 E0 00 01 59 16 
2014-07-31 15:44:11 下发: 68 10 00 10 00 68 4B 00 31 07 01 00 00 00 0A 61 00 00 01 0B 00 E0 DB 16 
2014-07-31 15:44:12 接收: 68 16 00 16 00 68 C8 00 31 07 01 00 00 00 0A 61 00 00 01 0B 00 E0 01 00 01 29 07 14 9E 16 
2014-07-31 15:44:21 下发: 68 10 00 10 00 68 4B 00 31 07 01 00 00 00 0A 62 00 00 30 01 00 E0 01 16 
2014-07-31 15:44:22 接收: 68 16 00 16 00 68 C8 00 31 07 01 00 00 00 0A 62 00 00 30 01 00 E0 49 19 05 01 08 14 02 16 
2014-07-31 15:44:31 下发: 68 21 00 21 00 68 4B 00 31 07 01 00 00 00 04 73 00 00 40 01 00 E0 01 00 00 00 00 00 00 00 00 00 00 00 00 00 00 00 00 1D 16 
2014-07-31 15:44:32 接收: 68 11 00 11 00 68 C8 00 31 07 01 00 00 00 04 63 00 00 40 01 00 E0 00 89 16 
2014-07-31 15:44:40 下发: 68 8E 00 8E 00 68 4B 00 31 07 01 00 00 00 04 74 00 00 30 01 00 E0 40 44 15 31 07 14 00 00 00 02 00 E0 00 00 31 07 14 00 03 00 00 01 02 00 E0 00 00 31 07 14 00 03 00 00 02 02 00 E0 00 00 31 07 14 00 03 00 00 03 02 00 E0 00 00 31 07 14 00 03 00 00 04 02 00 E0 00 00 31 07 14 00 03 00 00 05 02 00 E0 00 00 31 07 14 00 03 00 00 06 02 00 E0 00 00 31 07 14 00 03 00 00 07 02 00 E0 00 00 31 07 14 00 03 00 00 00 00 00 00 00 00 00 00 00 00 00 00 00 00 96 16 
2014-07-31 15:44:41 接收: 68 49 00 49 00 68 C8 00 31 07 01 00 00 00 04 64 00 00 30 01 00 E0 00 00 00 00 02 00 E0 00 00 00 01 02 00 E0 00 00 00 02 02 00 E0 00 00 00 03 02 00 E0 00 00 00 04 02 00 E0 00 00 00 05 02 00 E0 00 00 00 06 02 00 E0 00 00 00 07 02 00 E0 00 A6 16 
2014-07-31 15:45:22 下发: 68 99 99 99 99 99 99 68 08 06 55 78 48 64 3A 47 6E 16 
2014-07-31 15:45:23 下发: 68 10 00 10 00 68 4B 00 31 07 01 00 00 00 0A 65 00 00 30 01 00 E0 04 16 
2014-07-31 15:45:24 接收: 68 16 00 16 00 68 C8 00 31 07 01 00 00 00 0A 65 00 00 30 01 00 E0 24 45 15 31 07 14 4B 16 
2014-07-31 15:45:25 下发: 68 AA AA AA AA AA AA 68 04 04 84 1B 42 37 EC 16 
2014-07-31 15:45:25 接收: FE FE 68 AA AA AA AA AA AA 68 84 00 50 16 
2014-07-31 15:51:21 下发: 68 2D 00 2D 00 68 4B 00 31 07 01 00 00 00 04 70 00 00 30 01 00 E0 21 51 15 31 07 14 00 00 40 01 00 E0 01 00 00 00 00 00 00 00 00 00 00 00 00 00 00 00 00 FE 16 
2014-07-31 15:51:22 接收: 68 18 00 18 00 68 C8 00 31 07 01 00 00 00 04 60 00 00 30 01 00 E0 00 00 00 40 01 00 E0 00 97 16 
2014-07-31 15:51:53 下发: 68 99 99 99 99 99 99 68 08 06 86 84 48 64 3A 47 AB 16 
2014-07-31 15:51:54 下发: 68 10 00 10 00 68 4B 00 31 07 01 00 00 00 0A 61 00 00 30 01 00 E0 00 16 
2014-07-31 15:51:55 接收: 68 16 00 16 00 68 C8 00 31 07 01 00 00 00 0A 61 00 00 30 01 00 E0 54 51 15 31 07 14 83 16 
2014-07-31 15:51:56 下发: 68 AA AA AA AA AA AA 68 04 04 84 1B 42 37 EC 16 
2014-07-31 15:51:56 接收: FE FE 68 AA AA AA AA AA AA 68 84 00 50 16 
2014-07-31 16:51:57 下发: 68 01 00 00 00 00 00 68 01 07 52 CE 47 39 37 49 3C 35 16 
2014-07-31 16:51:57 接收: FE FE 68 01 00 00 00 00 00 68 C1 08 9A 16 
2014-07-31 16:52:30 下发: 68 02 00 00 00 00 00 68 01 07 52 CE 47 39 37 49 3C 36 16 
2014-07-31 16:52:30 接收: FE FE 68 02 00 00 00 00 00 68 C1 08 9B 16 
2014-07-31 16:53:03 下发: 68 03 00 00 00 00 00 68 01 07 52 CE 47 39 37 49 3C 37 16 
2014-07-31 16:53:03 接收: FE FE 68 03 00 00 00 00 00 68 C1 08 9C 16 
2014-07-31 16:53:36 下发: 68 04 00 00 00 00 00 68 01 07 52 CE 47 39 37 49 3C 38 16 
2014-07-31 16:53:36 接收: FE FE 68 04 00 00 00 00 00 68 C1 08 9D 16 
2014-07-31 16:54:09 下发: 68 05 00 00 00 00 00 68 01 07 52 CE 47 39 37 49 3C 39 16 
2014-07-31 16:54:09 接收: FE FE 68 05 00 00 00 00 00 68 C1 08 9E 16 
2014-07-31 16:54:42 下发: 68 06 00 00 00 00 00 68 01 07 52 CE 47 39 37 49 3C 3A 16 
2014-07-31 16:54:42 接收: FE FE 68 06 00 00 00 00 00 68 C1 08 9F 16 
2014-07-31 16:55:15 下发: 68 07 00 00 00 00 00 68 01 07 52 CE 47 39 37 49 3C 3B 16 
2014-07-31 16:55:15 接收: FE FE 68 07 00 00 00 00 00 68 C1 08 A0 16 
2014-07-31 16:55:48 下发: 68 08 00 00 00 00 00 68 01 07 52 CE 47 39 37 49 3C 3C 16 
2014-07-31 16:55:48 接收: FE FE 68 08 00 00 00 00 00 68 C1 08 A1 16 
2014-07-31 16:56:21 下发: 68 09 00 00 00 00 00 68 01 07 52 CE 47 39 37 49 3C 3D 16 
2014-07-31 16:56:21 接收: FE FE 68 09 00 00 00 00 00 68 C1 08 A2 16 
2014-07-31 16:56:54 下发: 68 10 00 00 00 00 00 68 01 07 52 CE 47 39 37 49 3C 44 16 
2014-07-31 16:56:54 接收: FE FE 68 10 00 00 00 00 00 68 C1 08 A9 16 
2014-07-31 16:57:27 下发: 68 11 00 00 00 00 00 68 01 07 52 CE 47 39 37 49 3C 45 16 
2014-07-31 16:57:27 接收: FE FE 68 11 00 00 00 00 00 68 C1 08 AA 16 
2014-07-31 16:58:00 下发: 68 12 00 00 00 00 00 68 01 07 52 CE 47 39 37 49 3C 46 16 
2014-07-31 16:58:00 接收: FE FE 68 12 00 00 00 00 00 68 C1 08 AB 16 
2014-07-31 16:58:33 下发: 68 13 00 00 00 00 00 68 01 07 52 CE 47 39 37 49 3C 47 16 
2014-07-31 16:58:33 接收: FE FE 68 13 00 00 00 00 00 68 C1 08 AC 16 
2014-07-31 16:59:06 下发: 68 14 00 00 00 00 00 68 01 07 52 CE 47 39 37 49 3C 48 16 
2014-07-31 16:59:06 接收: FE FE 68 14 00 00 00 00 00 68 C1 08 AD 16 
2014-07-31 17:01:00 下发: 68 EA 01 EA 01 68 4B 00 31 07 01 00 00 00 0A 62 01 01 01 00 80 E0 01 01 02 00 80 E0 01 01 03 00 80 E0 01 01 04 00 80 E0 01 01 0A 00 80 E0 01 01 0B 00 80 E0 01 01 11 00 80 E0 01 01 12 00 80 E0 02 01 01 00 80 E0 02 01 02 00 80 E0 02 01 03 00 80 E0 02 01 04 00 80 E0 02 01 0A 00 80 E0 02 01 0B 00 80 E0 02 01 11 00 80 E0 02 01 12 00 80 E0 04 01 01 00 80 E0 04 01 02 00 80 E0 04 01 03 00 80 E0 04 01 04 00 80 E0 04 01 0A 00 80 E0 04 01 0B 00 80 E0 04 01 11 00 80 E0 04 01 12 00 80 E0 08 01 01 00 80 E0 08 01 02 00 80 E0 08 01 03 00 80 E0 08 01 04 00 80 E0 08 01 0A 00 80 E0 08 01 0B 00 80 E0 08 01 11 00 80 E0 08 01 12 00 80 E0 10 01 01 00 80 E0 10 01 02 00 80 E0 10 01 03 00 80 E0 10 01 04 00 80 E0 10 01 0A 00 80 E0 10 01 0B 00 80 E0 10 01 11 00 80 E0 10 01 12 00 80 E0 20 01 01 00 80 E0 20 01 02 00 80 E0 20 01 03 00 80 E0 20 01 04 00 80 E0 20 01 0A 00 80 E0 20 01 0B 00 80 E0 20 01 11 00 80 E0 20 01 12 00 80 E0 40 01 01 00 80 E0 40 01 02 00 80 E0 40 01 03 00 80 E0 40 01 04 00 80 E0 40 01 0A 00 80 E0 40 01 0B 00 80 E0 40 01 11 00 80 E0 40 01 12 00 80 E0 80 01 01 00 80 E0 80 01 02 00 80 E0 80 01 03 00 80 E0 80 01 04 00 80 E0 80 01 0A 00 80 E0 80 01 0B 00 80 E0 80 01 11 00 80 E0 80 01 12 00 80 E0 01 02 01 00 80 E0 01 02 02 00 80 E0 01 02 03 00 80 E0 01 02 04 00 80 E0 01 02 0A 00 80 E0 01 02 0B 00 80 E0 01 02 11 00 80 E0 01 02 12 00 80 E0 02 02 01 00 80 E0 02 02 02 00 80 E0 02 02 03 00 80 E0 02 02 04 00 80 E0 02 02 0A 00 80 E0 02 02 0B 00 80 E0 02 02 11 00 80 E0 02 02 12 00 80 E0 F4 16 
2014-07-31 17:01:02 接收: 68 A8 02 A8 02 68 C8 00 31 07 01 00 00 00 0A 62 01 01 01 00 80 E0 01 01 01 02 00 80 E0 01 00 00 00 00 00 01 01 03 00 80 E0 00 01 01 04 00 80 E0 02 01 01 0A 00 80 E0 00 01 01 0B 00 80 E0 04 01 08 00 01 01 11 00 80 E0 00 22 01 01 12 00 80 E0 00 50 00 02 01 01 00 80 E0 01 02 01 02 00 80 E0 65 00 00 00 00 00 02 01 03 00 80 E0 01 02 01 04 00 80 E0 02 02 01 0A 00 80 E0 01 02 01 0B 00 80 E0 08 01 08 00 02 01 11 00 80 E0 00 22 02 01 12 00 80 E0 00 50 00 04 01 01 00 80 E0 95 04 01 02 00 80 E0 FF FF FF FF FF FF 04 01 03 00 80 E0 FF 04 01 04 00 80 E0 95 04 01 0A 00 80 E0 FF 04 01 0B 00 80 E0 FF FF FF FF 04 01 11 00 80 E0 FF FF 04 01 12 00 80 E0 FF FF FF 08 01 01 00 80 E0 95 08 01 02 00 80 E0 FF FF FF FF FF FF 08 01 03 00 80 E0 FF 08 01 04 00 80 E0 95 08 01 0A 00 80 E0 FF 08 01 0B 00 80 E0 FF FF FF FF 08 01 11 00 80 E0 FF FF 08 01 12 00 80 E0 FF FF FF 10 01 01 00 80 E0 95 10 01 02 00 80 E0 FF FF FF FF FF FF 10 01 03 00 80 E0 FF 10 01 04 00 80 E0 95 10 01 0A 00 80 E0 FF 10 01 0B 00 80 E0 FF FF FF FF 10 01 11 00 80 E0 FF FF 10 01 12 00 80 E0 FF FF FF 20 01 01 00 80 E0 95 20 01 02 00 80 E0 FF FF FF FF FF FF 20 01 03 00 80 E0 FF 20 01 04 00 80 E0 95 20 01 0A 00 80 E0 FF 20 01 0B 00 80 E0 FF FF FF FF 20 01 11 00 80 E0 FF FF 20 01 12 00 80 E0 FF FF FF 40 01 01 00 80 E0 95 40 01 02 00 80 E0 FF FF FF FF FF FF 40 01 03 00 80 E0 FF 40 01 04 00 80 E0 95 40 01 0A 00 80 E0 FF 40 01 0B 00 80 E0 FF FF FF FF 40 01 11 00 80 E0 FF FF 40 01 12 00 80 E0 FF FF FF 80 01 01 00 80 E0 95 80 01 02 00 80 E0 FF FF FF FF FF FF 80 01 03 00 80 E0 FF 80 01 04 00 80 E0 95 80 01 0A 00 80 E0 FF 80 01 0B 00 80 E0 FF FF FF FF 80 01 11 00 80 E0 FF FF 80 01 12 00 80 E0 FF FF FF 01 02 01 00 80 E0 01 01 02 02 00 80 E0 09 00 00 00 00 00 01 02 03 00 80 E0 00 01 02 04 00 80 E0 02 01 02 0A 00 80 E0 00 01 02 0B 00 80 E0 04 01 08 00 01 02 11 00 80 E0 00 22 01 02 12 00 80 E0 00 15 00 02 02 01 00 80 E0 01 02 02 02 00 80 E0 10 00 00 00 00 00 02 02 03 00 80 E0 00 02 02 04 00 80 E0 02 02 02 0A 00 80 E0 00 02 02 0B 00 80 E0 04 01 08 00 02 02 11 00 80 E0 00 22 02 02 12 00 80 E0 00 15 00 1E 16 
2014-07-31 17:31:32 下发: 68 6A 00 6A 00 68 4B 00 31 07 01 00 00 00 0A 63 01 01 01 00 80 E0 01 01 02 00 80 E0 01 01 03 00 80 E0 01 01 04 00 80 E0 01 01 0A 00 80 E0 01 01 0B 00 80 E0 01 01 11 00 80 E0 01 01 12 00 80 E0 02 01 01 00 80 E0 02 01 02 00 80 E0 02 01 03 00 80 E0 02 01 04 00 80 E0 02 01 0A 00 80 E0 02 01 0B 00 80 E0 02 01 11 00 80 E0 02 01 12 00 80 E0 9D 16 
2014-07-31 17:31:33 接收: 68 90 00 90 00 68 C8 00 31 07 01 00 00 00 0A 63 01 01 01 00 80 E0 01 01 01 02 00 80 E0 01 00 00 00 00 00 01 01 03 00 80 E0 00 01 01 04 00 80 E0 02 01 01 0A 00 80 E0 00 01 01 0B 00 80 E0 04 01 08 00 01 01 11 00 80 E0 00 22 01 01 12 00 80 E0 00 50 00 02 01 01 00 80 E0 01 02 01 02 00 80 E0 65 00 00 00 00 00 02 01 03 00 80 E0 01 02 01 04 00 80 E0 02 02 01 0A 00 80 E0 01 02 01 0B 00 80 E0 08 01 08 00 02 01 11 00 80 E0 00 22 02 01 12 00 80 E0 00 50 00 8A 16 
2014-07-31 17:31:51 下发: 68 6A 00 6A 00 68 4B 00 31 07 01 00 00 00 0A 64 01 01 01 00 80 E0 01 01 02 00 80 E0 01 01 03 00 80 E0 01 01 04 00 80 E0 01 01 0A 00 80 E0 01 01 0B 00 80 E0 01 01 11 00 80 E0 01 01 12 00 80 E0 02 01 01 00 80 E0 02 01 02 00 80 E0 02 01 03 00 80 E0 02 01 04 00 80 E0 02 01 0A 00 80 E0 02 01 0B 00 80 E0 02 01 11 00 80 E0 02 01 12 00 80 E0 9E 16 
2014-07-31 17:31:52 接收: 68 90 00 90 00 68 C8 00 31 07 01 00 00 00 0A 64 01 01 01 00 80 E0 01 01 01 02 00 80 E0 01 00 00 00 00 00 01 01 03 00 80 E0 00 01 01 04 00 80 E0 02 01 01 0A 00 80 E0 00 01 01 0B 00 80 E0 04 01 08 00 01 01 11 00 80 E0 00 22 01 01 12 00 80 E0 00 50 00 02 01 01 00 80 E0 01 02 01 02 00 80 E0 65 00 00 00 00 00 02 01 03 00 80 E0 01 02 01 04 00 80 E0 02 02 01 0A 00 80 E0 01 02 01 0B 00 80 E0 08 01 08 00 02 01 11 00 80 E0 00 22 02 01 12 00 80 E0 00 50 00 8B 16 
