2015-04-28 13:28:00 下发: 68 26 00 26 00 68 4B 00 31 07 01 00 00 00 04 70 00 00 30 01 00 E0 00 28 13 28 04 15 00 00 00 00 00 00 00 00 00 00 00 00 00 00 00 00 85 16 
2015-04-28 13:39:53 下发: 68 6B 00 6B 00 68 4B 00 31 07 01 00 00 00 04 71 01 01 00 00 80 E0 01 01 01 01 00 80 E0 01 01 01 02 00 80 E0 01 00 00 00 00 00 01 01 03 00 80 E0 01 01 01 04 00 80 E0 02 01 01 0A 00 80 E0 00 01 01 0B 00 80 E0 04 01 08 00 01 01 10 00 80 E0 04 01 01 11 00 80 E0 00 22 01 01 12 00 80 E0 00 50 00 00 00 00 00 00 00 00 00 00 00 00 00 00 00 00 00 A8 16 
2015-04-28 13:40:22 下发: 68 26 00 26 00 68 4B 00 31 07 01 00 00 00 04 72 00 00 30 01 00 E0 48 13 11 27 04 15 00 00 00 00 00 00 00 00 00 00 00 00 00 00 00 00 B7 16 
2015-04-28 13:40:43 下发: 68 82 00 82 00 68 4B 00 31 07 01 00 00 00 04 73 00 00 00 02 00 E0 00 00 01 01 00 00 03 00 00 01 02 00 E0 00 00 01 01 00 00 03 00 00 02 02 00 E0 00 00 01 01 00 00 03 00 00 03 02 00 E0 00 00 01 01 00 00 03 00 00 04 02 00 E0 00 00 01 01 00 00 03 00 00 05 02 00 E0 00 00 01 01 00 00 03 00 00 06 02 00 E0 00 00 01 01 00 00 03 00 00 07 02 00 E0 00 00 01 01 00 00 03 00 00 00 00 00 00 00 00 00 00 00 00 00 00 00 00 4F 16 
2015-04-28 13:40:49 下发: 68 40 00 40 00 68 4B 00 31 07 01 00 00 00 04 74 00 00 51 01 00 E0 FF FF FF FF FF FF FF FF FF FF FF FF FF FF FF FF FF FF FF FF FF FF FF FF FF FF FF FF FF FF FF FF 00 00 00 00 00 00 00 00 00 00 00 00 00 00 00 00 0E 16 
2015-04-28 13:40:54 下发: 68 6B 00 6B 00 68 4B 00 31 07 01 00 00 00 04 71 01 01 00 00 80 E0 01 01 01 01 00 80 E0 01 01 01 02 00 80 E0 01 00 00 00 00 00 01 01 03 00 80 E0 01 01 01 04 00 80 E0 02 01 01 0A 00 80 E0 00 01 01 0B 00 80 E0 04 01 08 00 01 01 10 00 80 E0 04 01 01 11 00 80 E0 00 22 01 01 12 00 80 E0 00 50 00 00 00 00 00 00 00 00 00 00 00 00 00 00 00 00 00 A8 16 
2015-04-28 13:41:55 下发: 68 6B 00 6B 00 68 4B 00 31 07 01 00 00 00 04 71 01 01 00 00 80 E0 01 01 01 01 00 80 E0 01 01 01 02 00 80 E0 01 00 00 00 00 00 01 01 03 00 80 E0 01 01 01 04 00 80 E0 02 01 01 0A 00 80 E0 00 01 01 0B 00 80 E0 04 01 08 00 01 01 10 00 80 E0 04 01 01 11 00 80 E0 00 22 01 01 12 00 80 E0 00 50 00 00 00 00 00 00 00 00 00 00 00 00 00 00 00 00 00 A8 16 
2015-04-28 13:43:11 下发: 68 1D 00 1D 00 68 4B 00 31 07 01 00 00 00 0D 65 01 01 00 00 01 00 20 15 04 27 09 00 20 15 04 27 09 01 03 CF 16 
2015-04-28 13:43:42 下发: 68 1D 00 1D 00 68 4B 00 31 07 01 00 00 00 0D 66 01 01 00 00 01 00 20 15 04 27 09 00 20 15 04 27 09 01 03 D0 16 
2015-04-28 13:44:13 下发: 68 1D 00 1D 00 68 4B 00 31 07 01 00 00 00 0D 67 01 01 00 00 01 00 20 15 04 27 09 00 20 15 04 27 09 01 03 D1 16 
2015-04-28 13:44:45 下发: 68 1D 00 1D 00 68 4B 00 31 07 01 00 00 00 0D 68 01 01 00 00 01 00 20 15 04 27 09 15 20 15 04 27 09 16 03 FC 16 
2015-04-28 13:45:16 下发: 68 1D 00 1D 00 68 4B 00 31 07 01 00 00 00 0D 69 01 01 00 00 01 00 20 15 04 27 09 15 20 15 04 27 09 16 03 FD 16 
2015-04-28 13:45:47 下发: 68 1D 00 1D 00 68 4B 00 31 07 01 00 00 00 0D 6A 01 01 00 00 01 00 20 15 04 27 09 15 20 15 04 27 09 16 03 FE 16 
2015-04-28 13:46:19 下发: 68 1D 00 1D 00 68 4B 00 31 07 01 00 00 00 0D 6B 01 01 00 00 01 00 20 15 04 27 09 30 20 15 04 27 09 31 03 35 16 
2015-04-28 13:46:50 下发: 68 1D 00 1D 00 68 4B 00 31 07 01 00 00 00 0D 6C 01 01 00 00 01 00 20 15 04 27 09 30 20 15 04 27 09 31 03 36 16 
2015-04-28 13:47:21 下发: 68 1D 00 1D 00 68 4B 00 31 07 01 00 00 00 0D 6D 01 01 00 00 01 00 20 15 04 27 09 30 20 15 04 27 09 31 03 37 16 
2015-04-28 13:47:56 下发: 68 1D 00 1D 00 68 4B 00 31 07 01 00 00 00 0D 6E 01 01 00 00 01 00 20 15 04 27 09 00 20 15 04 27 09 01 03 D8 16 
2015-04-28 13:48:27 下发: 68 1D 00 1D 00 68 4B 00 31 07 01 00 00 00 0D 6F 01 01 00 00 01 00 20 15 04 27 09 00 20 15 04 27 09 01 03 D9 16 
2015-04-28 13:48:58 下发: 68 1D 00 1D 00 68 4B 00 31 07 01 00 00 00 0D 60 01 01 00 00 01 00 20 15 04 27 09 00 20 15 04 27 09 01 03 CA 16 
2015-04-28 13:49:30 下发: 68 1D 00 1D 00 68 4B 00 31 07 01 00 00 00 0D 61 01 01 00 00 01 00 20 15 04 27 09 15 20 15 04 27 09 16 03 F5 16 
2015-04-28 13:50:01 下发: 68 1D 00 1D 00 68 4B 00 31 07 01 00 00 00 0D 62 01 01 00 00 01 00 20 15 04 27 09 15 20 15 04 27 09 16 03 F6 16 
2015-04-28 13:50:32 下发: 68 1D 00 1D 00 68 4B 00 31 07 01 00 00 00 0D 63 01 01 00 00 01 00 20 15 04 27 09 15 20 15 04 27 09 16 03 F7 16 
2015-04-28 13:51:04 下发: 68 1D 00 1D 00 68 4B 00 31 07 01 00 00 00 0D 64 01 01 00 00 01 00 20 15 04 27 09 30 20 15 04 27 09 31 03 2E 16 
2015-04-28 13:53:27 下发: 68 1D 00 1D 00 68 4B 00 31 07 01 00 00 00 0D 65 01 01 00 00 01 00 20 15 04 27 09 00 20 15 04 27 09 01 03 CF 16 
2015-04-28 13:53:58 下发: 68 1D 00 1D 00 68 4B 00 31 07 01 00 00 00 0D 66 01 01 00 00 01 00 20 15 04 27 09 00 20 15 04 27 09 01 03 D0 16 
2015-04-28 13:55:32 下发: 68 1D 00 1D 00 68 4B 00 31 07 01 00 00 00 0D 67 01 01 00 00 01 00 20 15 04 27 09 15 20 15 04 27 09 16 03 FB 16 
2015-04-28 13:56:03 下发: 68 1D 00 1D 00 68 4B 00 31 07 01 00 00 00 0D 68 01 01 00 00 01 00 20 15 04 27 09 15 20 15 04 27 09 16 03 FC 16 
2015-04-28 13:56:34 下发: 68 1D 00 1D 00 68 4B 00 31 07 01 00 00 00 0D 69 01 01 00 00 01 00 20 15 04 27 09 15 20 15 04 27 09 16 03 FD 16 
2015-04-28 13:57:06 下发: 68 1D 00 1D 00 68 4B 00 31 07 01 00 00 00 0D 6A 01 01 00 00 01 00 20 15 04 27 09 30 20 15 04 27 09 31 03 34 16 
2015-04-28 13:57:37 下发: 68 1D 00 1D 00 68 4B 00 31 07 01 00 00 00 0D 6B 01 01 00 00 01 00 20 15 04 27 09 30 20 15 04 27 09 31 03 35 16 
2015-04-28 13:58:08 下发: 68 1D 00 1D 00 68 4B 00 31 07 01 00 00 00 0D 6C 01 01 00 00 01 00 20 15 04 27 09 30 20 15 04 27 09 31 03 36 16 
2015-04-28 13:58:40 下发: 68 1D 00 1D 00 68 4B 00 31 07 01 00 00 00 0D 6D 01 01 00 00 01 00 20 15 04 27 09 45 20 15 04 27 09 46 03 61 16 
2015-04-28 13:59:11 下发: 68 1D 00 1D 00 68 4B 00 31 07 01 00 00 00 0D 6E 01 01 00 00 01 00 20 15 04 27 09 45 20 15 04 27 09 46 03 62 16 
2015-04-28 13:59:42 下发: 68 1D 00 1D 00 68 4B 00 31 07 01 00 00 00 0D 6F 01 01 00 00 01 00 20 15 04 27 09 45 20 15 04 27 09 46 03 63 16 
2015-04-28 14:11:49 接收: 68 1A 00 1A 00 68 C8 00 31 07 01 00 00 00 0D 67 01 01 00 02 06 00 00 00 00 00 20 15 05 01 00 15 CF 16 
2015-04-28 15:04:18 接收: 68 1A 00 1A 00 68 C8 00 31 07 01 00 00 00 0D 67 01 01 00 02 06 00 00 00 00 00 20 15 05 01 00 15 CF 16 
2015-04-28 15:05:06 下发: 68 6B 00 6B 00 68 4A 00 31 07 01 00 00 00 04 70 01 01 00 00 80 E0 01 01 01 01 00 80 E0 01 01 01 02 00 80 E0 01 00 00 00 00 00 01 01 03 00 80 E0 01 01 01 04 00 80 E0 02 01 01 0A 00 80 E0 00 01 01 0B 00 80 E0 04 01 08 00 01 01 10 00 80 E0 04 01 01 11 00 80 E0 00 22 01 01 12 00 80 E0 00 50 00 00 00 00 00 00 00 00 00 00 00 00 00 00 00 00 00 A6 16 
2015-04-28 15:05:32 下发: 68 26 00 26 00 68 4A 00 31 07 01 00 00 00 04 71 00 00 30 01 00 E0 50 02 15 28 04 15 00 00 00 00 00 00 00 00 00 00 00 00 00 00 00 00 B1 16 
2015-04-28 15:05:35 下发: 68 26 00 26 00 68 4A 00 31 07 01 00 00 00 04 72 00 00 30 01 00 E0 35 05 15 28 04 15 00 00 00 00 00 00 00 00 00 00 00 00 00 00 00 00 9A 16 
2015-04-28 15:05:38 下发: 68 82 00 82 00 68 4A 00 31 07 01 00 00 00 04 73 00 00 00 02 00 E0 00 00 01 01 00 00 03 00 00 01 02 00 E0 00 00 01 01 00 00 03 00 00 02 02 00 E0 00 00 01 01 00 00 03 00 00 03 02 00 E0 00 00 01 01 00 00 03 00 00 04 02 00 E0 00 00 01 01 00 00 03 00 00 05 02 00 E0 00 00 01 01 00 00 03 00 00 06 02 00 E0 00 00 01 01 00 00 03 00 00 07 02 00 E0 00 00 01 01 00 00 03 00 00 00 00 00 00 00 00 00 00 00 00 00 00 00 00 4E 16 
2015-04-28 15:06:07 下发: 68 6B 00 6B 00 68 4A 00 31 07 01 00 00 00 04 70 01 01 00 00 80 E0 01 01 01 01 00 80 E0 01 01 01 02 00 80 E0 01 00 00 00 00 00 01 01 03 00 80 E0 01 01 01 04 00 80 E0 02 01 01 0A 00 80 E0 00 01 01 0B 00 80 E0 04 01 08 00 01 01 10 00 80 E0 04 01 01 11 00 80 E0 00 22 01 01 12 00 80 E0 00 50 00 00 00 00 00 00 00 00 00 00 00 00 00 00 00 00 00 A6 16 
2015-04-28 15:06:54 接收: 68 1E 00 1E 00 68 08 00 31 07 01 00 00 00 0D 60 01 01 00 04 02 01 00 00 01 01 10 00 00 00 20 15 04 15 15 30 5C 16 
2015-04-28 15:07:08 下发: 68 6B 00 6B 00 68 4A 00 31 07 01 00 00 00 04 70 01 01 00 00 80 E0 01 01 01 01 00 80 E0 01 01 01 02 00 80 E0 01 00 00 00 00 00 01 01 03 00 80 E0 01 01 01 04 00 80 E0 02 01 01 0A 00 80 E0 00 01 01 0B 00 80 E0 04 01 08 00 01 01 10 00 80 E0 04 01 01 11 00 80 E0 00 22 01 01 12 00 80 E0 00 50 00 00 00 00 00 00 00 00 00 00 00 00 00 00 00 00 00 A6 16 
2015-04-28 15:07:37 接收: 68 1E 00 1E 00 68 08 00 31 07 01 00 00 00 0D 60 01 01 00 04 02 01 00 00 01 01 10 00 00 00 20 15 04 15 15 30 5C 16 
2015-04-28 15:11:03 接收: 68 1E 00 1E 00 68 08 00 31 07 01 00 00 00 0D 60 01 01 00 04 02 01 00 08 01 01 70 00 00 00 20 15 04 15 15 30 C4 16 
2015-04-28 15:11:29 接收: 68 1E 00 1E 00 68 08 00 31 07 01 00 00 00 0D 60 01 01 00 04 02 01 00 08 01 01 70 00 00 00 20 15 04 15 15 30 C4 16 
2015-04-28 15:12:17 接收: 68 1E 00 1E 00 68 08 00 31 07 01 00 00 00 0D 60 01 01 00 04 02 01 00 08 01 01 70 00 00 00 20 15 04 15 15 30 C4 16 
2015-04-28 15:13:17 接收: 68 1E 00 1E 00 68 08 00 31 07 01 00 00 00 0D 60 01 01 00 04 02 01 00 08 01 01 70 00 00 00 20 15 04 15 15 30 C4 16 
2015-04-28 15:15:25 接收: 68 1E 00 1E 00 68 08 00 31 07 01 00 00 00 0D 60 01 01 00 04 02 01 00 00 01 01 70 00 00 00 20 15 04 15 15 30 BC 16 
2015-04-28 15:17:55 接收: 68 1E 00 1E 00 68 08 00 31 07 01 00 00 00 0D 60 01 01 00 04 02 01 00 00 01 01 10 00 00 00 20 15 04 15 15 30 5C 16 
2015-04-28 15:23:03 接收: 68 1E 00 1E 00 68 08 00 31 07 01 00 00 00 0D 60 01 01 00 04 02 01 00 00 00 00 08 01 01 70 20 15 04 15 15 30 C4 16 
2015-04-28 15:24:24 接收: 68 1E 00 1E 00 68 08 00 31 07 01 00 00 00 0D 60 01 01 00 04 02 01 00 08 01 01 70 00 00 00 20 15 04 15 15 30 C4 16 
2015-04-28 15:25:52 接收: 68 1E 00 1E 00 68 08 00 31 07 01 00 00 00 0D 60 01 01 00 04 02 01 00 08 01 01 70 00 00 00 20 15 04 15 15 30 C4 16 
2015-04-28 15:26:27 接收: 68 1E 00 1E 00 68 08 00 31 07 01 00 00 00 0D 60 01 01 00 04 02 01 00 08 01 01 70 00 00 00 20 15 04 15 15 30 C4 16 
2015-04-28 15:28:24 接收: 68 1E 00 1E 00 68 08 00 31 07 01 00 00 00 0D 60 01 01 00 04 02 01 00 08 01 01 70 00 00 00 20 15 04 15 15 30 C4 16 
2015-04-28 15:33:06 接收: 68 1A 00 1A 00 68 C8 00 31 07 01 00 00 00 0D 67 01 01 00 02 06 00 00 00 00 00 20 15 05 01 00 15 CF 16 
2015-04-28 15:33:33 接收: 68 1E 00 1E 00 68 08 00 31 07 01 00 00 00 0D 60 01 01 00 04 02 01 00 08 01 01 70 00 00 00 20 15 04 15 15 30 C4 16 
