2016-04-15 10:36:17 下发: 68 10 00 10 00 68 4B 00 00 00 10 20 00 00 0C 60 01 01 00 00 01 00 EA 16 
2016-04-15 10:36:49 下发: 68 10 00 10 00 68 4B 00 00 00 10 20 00 00 0C 61 01 01 00 00 01 00 EB 16 
2016-04-15 10:37:21 下发: 68 10 00 10 00 68 4B 00 00 00 10 20 00 00 0C 62 01 01 00 00 01 00 EC 16 
2016-04-15 10:37:54 下发: 68 10 00 10 00 68 4B 00 00 00 10 20 00 00 0C 63 01 01 00 01 01 00 EE 16 
2016-04-15 10:38:26 下发: 68 10 00 10 00 68 4B 00 00 00 10 20 00 00 0C 64 01 01 00 01 01 00 EF 16 
2016-04-15 10:38:58 下发: 68 10 00 10 00 68 4B 00 00 00 10 20 00 00 0C 65 01 01 00 01 01 00 F0 16 
2016-04-15 10:39:31 下发: 68 10 00 10 00 68 4B 00 00 00 10 20 00 00 0C 66 01 01 00 02 01 00 F2 16 
2016-04-15 10:40:03 下发: 68 10 00 10 00 68 4B 00 00 00 10 20 00 00 0C 67 01 01 00 02 01 00 F3 16 
2016-04-15 10:40:35 下发: 68 10 00 10 00 68 4B 00 00 00 10 20 00 00 0C 68 01 01 00 02 01 00 F4 16 
2016-04-15 10:41:08 下发: 68 10 00 10 00 68 4B 00 00 00 10 20 00 00 0C 69 01 01 00 03 01 00 F6 16 
2016-04-15 10:41:40 下发: 68 10 00 10 00 68 4B 00 00 00 10 20 00 00 0C 6A 01 01 00 03 01 00 F7 16 
2016-04-15 10:42:12 下发: 68 10 00 10 00 68 4B 00 00 00 10 20 00 00 0C 6B 01 01 00 03 01 00 F8 16 
2016-04-15 10:42:45 下发: 68 10 00 10 00 68 4B 00 00 00 10 20 00 00 0C 6C 01 01 00 04 01 00 FA 16 
2016-04-15 10:43:17 下发: 68 10 00 10 00 68 4B 00 00 00 10 20 00 00 0C 6D 01 01 00 04 01 00 FB 16 
2016-04-15 10:43:49 下发: 68 10 00 10 00 68 4B 00 00 00 10 20 00 00 0C 6E 01 01 00 04 01 00 FC 16 
2016-04-15 10:53:34 下发: 68 10 00 10 00 68 4B 00 31 07 01 00 00 00 0C 60 20 04 00 00 01 00 15 16 
2016-04-15 10:54:06 下发: 68 10 00 10 00 68 4B 00 31 07 01 00 00 00 0C 61 20 04 00 00 01 00 16 16 
2016-04-15 10:54:38 下发: 68 10 00 10 00 68 4B 00 31 07 01 00 00 00 0C 62 20 04 00 00 01 00 17 16 
