2015-09-16 10:24:51 下发: 68 1C 00 1C 00 68 4B 00 31 07 01 00 00 00 0E 6A 01 01 01 00 01 E2 20 15 09 14 17 11 20 15 09 14 17 11 D6 16 
2015-09-16 10:25:22 下发: 68 1C 00 1C 00 68 4B 00 31 07 01 00 00 00 0E 6B 01 01 01 00 01 E2 20 15 09 14 17 11 20 15 09 14 17 11 D7 16 
2015-09-16 10:25:53 下发: 68 1C 00 1C 00 68 4B 00 31 07 01 00 00 00 0E 6C 01 01 01 00 01 E2 20 15 09 14 17 11 20 15 09 14 17 11 D8 16 
2015-09-16 10:26:24 下发: 68 1C 00 1C 00 68 4B 00 31 07 01 00 00 00 0E 6D 01 01 01 00 01 E2 20 15 09 14 17 11 20 15 09 14 17 11 D9 16 
2015-09-16 14:41:10 下发: 68 1C 00 1C 00 68 4B 00 31 07 01 00 00 00 0E 6E 01 01 01 00 01 E2 20 15 09 14 17 11 20 15 09 14 17 11 DA 16 
2015-09-16 14:41:41 下发: 68 1C 00 1C 00 68 4B 00 31 07 01 00 00 00 0E 6F 01 01 01 00 01 E2 20 15 09 14 17 11 20 15 09 14 17 11 DB 16 
2015-09-16 14:42:12 下发: 68 1C 00 1C 00 68 4B 00 31 07 01 00 00 00 0E 60 01 01 01 00 01 E2 20 15 09 14 17 11 20 15 09 14 17 11 CC 16 
2015-09-16 14:42:43 下发: 68 1C 00 1C 00 68 4B 00 31 07 01 00 00 00 0E 61 01 01 01 00 01 E2 20 15 09 14 17 11 20 15 09 14 17 11 CD 16 
2015-09-16 14:49:00 下发: 68 1C 00 1C 00 68 4B 00 31 07 01 00 00 00 0E 62 01 01 01 00 01 E2 20 15 09 14 17 11 20 15 09 14 17 11 CE 16 
2015-09-16 14:49:31 下发: 68 1C 00 1C 00 68 4B 00 31 07 01 00 00 00 0E 63 01 01 01 00 01 E2 20 15 09 14 17 11 20 15 09 14 17 11 CF 16 
2015-09-16 14:50:02 下发: 68 1C 00 1C 00 68 4B 00 31 07 01 00 00 00 0E 64 01 01 01 00 01 E2 20 15 09 14 17 11 20 15 09 14 17 11 D0 16 
2015-09-16 14:50:33 下发: 68 1C 00 1C 00 68 4B 00 31 07 01 00 00 00 0E 65 01 01 01 00 01 E2 20 15 09 14 17 11 20 15 09 14 17 11 D1 16 
