2015-04-16 15:41:53 下发: 68 1D 00 1D 00 68 4B 00 31 07 01 00 00 00 0D 60 01 01 03 01 06 05 20 15 04 16 00 00 20 15 04 16 00 00 01 A1 16 
2015-04-16 15:42:24 下发: 68 1D 00 1D 00 68 4B 00 31 07 01 00 00 00 0D 61 01 01 03 01 06 05 20 15 04 16 00 00 20 15 04 16 00 00 01 A2 16 
2015-04-16 15:42:55 下发: 68 1D 00 1D 00 68 4B 00 31 07 01 00 00 00 0D 62 01 01 03 01 06 05 20 15 04 16 00 00 20 15 04 16 00 00 01 A3 16 
2015-04-16 15:45:05 下发: 68 1D 00 1D 00 68 4B 00 31 07 01 00 00 00 0D 63 01 01 03 01 06 05 20 15 04 16 00 00 20 15 04 16 00 00 01 A4 16 
2015-04-16 15:45:11 接收: 68 1E 00 1E 00 68 08 00 31 07 01 00 00 00 0D 60 01 01 00 04 02 01 00 00 00 00 08 01 01 70 20 15 04 15 15 30 C4 16 
2015-04-16 16:00:06 下发: 68 1D 00 1D 00 68 4B 00 31 07 01 00 00 00 0D 64 01 01 03 01 06 05 20 15 04 16 00 00 20 15 04 16 00 00 01 A5 16 
2015-04-16 16:00:10 接收: 68 1E 00 1E 00 68 08 00 31 07 01 00 00 00 0D 60 01 01 00 04 02 01 00 00 01 01 70 00 00 00 20 15 04 15 15 30 BC 16 
2015-04-16 16:02:52 下发: 68 1D 00 1D 00 68 4B 00 31 07 01 00 00 00 0D 65 01 01 03 01 06 05 20 15 04 16 00 00 20 15 04 16 00 00 01 A6 16 
2015-04-16 16:02:55 接收: 68 1E 00 1E 00 68 08 00 31 07 01 00 00 00 0D 60 01 01 00 04 02 01 00 00 01 01 10 00 00 00 20 15 04 15 15 30 5C 16 
2015-04-16 16:07:00 下发: 68 1D 00 1D 00 68 4B 00 31 07 01 00 00 00 0D 66 01 01 03 01 06 05 20 15 04 16 00 00 20 15 04 16 00 00 01 A7 16 
2015-04-16 16:07:01 接收: 68 1E 00 1E 00 68 08 00 00 00 96 00 00 00 0D 60 01 01 00 04 02 01 00 08 01 01 70 00 00 00 20 15 04 15 15 30 21 16 
2015-04-16 16:08:34 下发: 68 1D 00 1D 00 68 4B 00 31 07 01 00 00 00 0D 67 01 01 03 01 06 05 20 15 04 16 00 00 20 15 04 16 00 00 01 A8 16 
2015-04-16 16:08:39 接收: 68 1E 00 1E 00 68 08 00 31 07 01 00 00 00 0D 60 01 01 00 04 02 01 00 00 01 01 10 00 00 00 20 15 04 15 15 30 5C 16 
2015-04-16 16:08:59 接收: 68 1E 00 1E 00 68 08 00 31 07 01 00 00 00 0D 60 01 01 00 04 02 01 00 00 01 01 70 00 00 00 20 15 04 15 15 30 BC 16 
